%%该函数存放低速及高速的寄存器2初始值，头24，末24个码片数据
%输入参数为PRNnum，和mode。mode==1表明对高速CA码操作，mode==0是对低速CA码操作
%g2_initialphase返回CA表里的寄存器2初始值（0,1值）
%fisrt24，end24返回正确的CA码结果（-1,1） 
function [g2_initialphase,fisrt24,end24]=CABIAO(PRNnum,mode)
CA_highBIAO=[
'01000001110';
'10000000101';
'11100100111';
'10000110011';
'11111010000';
'01101101110';
'11000100011';
'01000000100';
'01111101001';
'01001100111';
'01101101001';
'01100000000';
'10000001001';
'10000010101';
'10111100100';
'01100010000';
'10010101001';
'10010111101';
'01000101001';
'10010011011';
'01010000011';
'11110011111';
'01111111000';
'01010111100';
'11000111000';
'11101110010';
'11001101000';
'01010101011';
'11010011100';
'10000000110';
'10001110111';
'11101111000';
'01111101100';
'01010010010';
'11100001011';
'01001001110';
'01001000001';
'11111110111';
'11011000000';
'10011010110';
'10101010000';
'01010111011';
'01110100001';
'11000010011';
'01100001011';
'01010110110';
'01110111011';
'10011001111';
'01011010001';
'01011111110';
'10001101110';
'11010001111';
'10011101011';
'11011110101';
'10011100001';
'11110011001';
'10100010111';
'10010000000';
'10110000010';
'11011000100';
'01011010010';
'11010101100';
'01111111001';
'01100101001';
'11111110100';
'11010010000';
'11101111010';
'01010110100';
'11110101100';
'10111101001';
'11111110011';
'10110101101';
'10011101010';
'01011100000';
'10100101000';
'01110011111';
'11101111101';
'10100111110';
'10111001001';
'10001010111';
'10000111001';
'10100010001';
'10111100010';
'10000111111';
'10011101100';
'01101110111';
'10111011010';
'01110111100';
'11100101111';
'11010000001';
'10001111000';
'10001000000';
'11010111100';
'11001111101';
'10101010110';
'11110110110';
'01111111100';
'11011011100';
'10111011101';
'11001011111';
'11101101101';
'01111101010';
'10100111001';
'11100001010';
'11011010101';
'01111100010';
'10010011010';
'01110011000';
'11010000101';
'10010110010';
'01110110011';
'11111110010';
'11100100010';
'01111110000';
'01110000101';
'10110110101';
'10111110101';
'01110001010';
'10000010001';
'11111010110';
'10000001110';
'10111101101';
'10001000111';
'10010100001';
'11001101010';
'11111011011';
'11100101100';
'10110111010';
'11001100010';
'10110110001';
'10000011001';
'11010001011';
'11101100011';
'11001001100';
'11001001101';
'11010101000';
'10011001100';
'11111001100';
'10101001001';
'11110010010';
'10010011111';
'10000110111';
'10110101100';
'10111010110';
'10011010011';
'10011000101';
'10011110011';
'11011111011';
'11001100000';
'11110101111';
'11001000101';
'10010110101';
'10100110001';
'11110100001';
'10010010000';
'11111011001';
'10010001010';
'11000001100';
'11110111001';
'11011111100';
'10101111101';
'10100100111';
'10010111110';
'10110110111';
'11100110010';
'11000101100';
'11011111110';
'10100100000';

];
CA_high_first24biao=[
    '100011111011010001010010';
'010111111101100100010100';
'000110110001110000100100';
'001100111101000000100100';
'111101000000101110101000';
'100010010010111011110110';
'001110111001010101000111';
'110111111011000010111110';
'011010000011010111101001';
'000110011011100100010011';
'011010010011010010011100';
'111111110011100111011101';
'011011111101101010110000';
'010101111101001010111011';
'110110000101111111100111';
'111101110011001001110010';
'011010101101111000010010';
'010000101100000101000110';
'011010111010101111101111';
'001001101100001111011001';
'001111101010101110100001';
'000001100000010001110110';
'111000000010001101100100';
'110000101010100011101100';
'111000111000011100100110';
'101100010001110010111001';
'111010011000111001100010';
'001010101011100100101001';
'110001101001011101111111';
'100111111101011110000101';
'000100011100011000110100';
'111000010001100001010101';
'110010000011110000110000';
'101101101011110100101100';
'001011110001101001010111';
'100011011011011010111001';
'011111011011101110001100';
'000100000001010000010101';
'111111001001110110011111';
'100101001101111110110100';
'111101010100010000010001';
'001000101011001010000110';
'011110100010000001011101';
'001101111001101100111111';
'001011110010000000010011';
'100100101010110000000000';
'001000100010111100011110';
'000011001101111001100110';
'011101001011000101010110';
'100000001011100110110100';
'100010011100011111100110';
'000011101001001001000001';
'001010001100111101001010';
'010100001001101000111110';
'011110001100101110100110';
'011001100000001100111110';
'000101110101110010010000';
'111111101101000110111000';
'101111100101111110010011';
'110111001000100101100100';
'101101001011111111000111';
'110010101001100100000111';
'011000000011111001000110';
'011010110011011001110111';
'110100000001101010000100';
'111101101001010011011011';
'101000010000101111100110';
'110100101011111110110011';
'110010100000010010011111';
'011010000100000101100001';
'001100000000000011101110';
'010010100101011101110001';
'101010001101001001101000';
'111110001010001000001100';
'111010110101111111011101';
'000001100011111000110010';
'010000010001000110001100';
'100000110101001100111010';
'011011000100010010110110';
'000101011100001111100011';
'011000111101010011001000';
'011101110101101111011000';
'101110000101100010101111';
'000000111101001110000000';
'110010001101010100100000';
'000100010010111100100100';
'101001000100000110001000';
'110000100011010101110100';
'000010110000101101111011';
'011111101000001001010110';
'111000011100101100000001';
'111111011101001000100110';
'110000101001001010101000';
'010000011000110000010100';
'100101010100001101011001';
'100100100000101111011100';
'110000000011011110011111';
'110001001001010110010100';
'010001000101101111100010';
'000001011001101001110000';
'010010010001101000100011';
'101010000011101101111000';
'011000110100100101010000';
'101011110000011101110101';
'010101001001111111101001';
'101110000010110000100111';
'101001101101111011111011';
'111001100010010001011000';
'010111101001011010101101';
'101100101100110001110011';
'001100100011100001000001';
'101100000001110111001100';
'101110110001010111111101';
'111100000011010000111011';
'010111100011000101110001';
'010100100100101110000001';
'010100000100100101101010';
'101011100011110001000100';
'011101111100011001000000';
'100101000000110011100000';
'100011111100000011011010';
'010010000101010110011010';
'000111011100100001001100';
'011110101100100101001101';
'101010011001110111010001';
'001001000001001001100110';
'110010110000010111101010';
'101000100100011010110100';
'101110011000101010001110';
'011100100101111101111010';
'011001111101000100011111';
'001011101000011010111010';
'001110010000101000110100';
'110011011001111101001110';
'010011011000001001101100';
'111010101000110111111100';
'110011001101000011110111';
'110011000000001110100011';
'011011010100010111000011';
'101101100001101011110000';
'000001101101011100100010';
'000100111100010011011111';
'110010100100101001010011';
'100101000100001000101100';
'001101001101011001101101';
'010111001101101010001010';
'001100001101001110111010';
'001000001000101000101001';
'111110011001100100111101';
'000010100000101000001110';
'010111011001010100110011';
'010100101101011000011001';
'011100110101111000001111';
'011110100001101000011001';
'111101101101101000010111';
'011001000000000111010101';
'101011101101010101010100';
'110011111001110110100101';
'011000100000011011101001';
'110000001001000001000011';
'010000010101111101000000';
'000110110101001011101000';
'100000101100111111010111';
'000100100101100000110010';
'101100110001111001010010';
'110010111001100001110010';
'100000001000001111110000';
'111110110100100010000010';

];
